#rname      startpos  endpos     numreads  covbases  coverage  meandepth   meanbaseq  meanmapq
KI270467.1  1         3920       343       2702      68.9286   5.98265     31.7       35.2
KI270466.1  1         1233       89        1215      98.5401   5.14436     32         38.8
KI270333.1  1         2699       72        1576      58.392    1.65617     31.4       15.3
MT          1         16569      342       11235     67.8074   1.48808     28.6       48.1
KI270337.1  1         1121       16        452       40.3211   0.93934     30.8       4.44
KI270336.1  1         1026       8         445       43.3723   0.555556    32.6       15.9
KI270709.1  1         66860      453       13301     19.8938   0.497039    29.9       6.13
KI270438.1  1         112505     759       15682     13.9389   0.487267    29.6       29.5
KI270733.1  1         179772     1233      37638     20.9365   0.474512    27         17.7
KI270330.1  1         1652       7         241       14.5884   0.322034    29.4       18.6
KI270583.1  1         1400       6         379       27.0714   0.302857    28.7       51.8
KI270338.1  1         1428       5         380       26.6106   0.266106    28.6       0
KI270340.1  1         1428       5         358       25.07     0.266106    26.5       0
GL000225.1  1         211173     821       25442     12.0479   0.262927    28.3       17
GL000220.1  1         161802     608       23871     14.7532   0.257457    26.3       2.76
KI270310.1  1         1201       4         216       17.985    0.253122    30.4       4
GL000216.2  1         176608     668       21409     12.1223   0.23679     29.3       16.6
KI270417.1  1         2043       6         304       14.8801   0.223201    29.6       60
KI270509.1  1         2318       6         449       19.3701   0.196721    30.9       36.7
KI270580.1  1         1553       4         304       19.575    0.19575     27.4       31
KI270517.1  1         3253       7         514       15.8008   0.158008    28.7       31.4
KI270423.1  1         981        2         152       15.4944   0.154944    30.4       24
KI270591.1  1         5796       11        734       12.6639   0.138716    29         28.8
KI270508.1  1         1951       4         200       10.2512   0.128139    31.3       31.5
KI270465.1  1         1774       4         221       12.4577   0.124577    27.9       42
KI270729.1  1         280839     560       19154     6.82028   0.120877    30.1       18.9
KI270735.1  1         42811      76        4314      10.0768   0.116676    30.4       26.6
KI270590.1  1         4685       7         487       10.3949   0.105656    29.6       31.4
KI270744.1  1         168472     243       12407     7.36443   0.10451     28.2       19.9
KI270518.1  1         2186       3         148       6.77036   0.10247     29         2
KI270711.1  1         42210      61        3318      7.8607    0.10244     29.1       17.3
KI270587.1  1         2969       4         294       9.90232   0.0990232   30.6       25
KI270387.1  1         1537       2         152       9.88939   0.0988939   29.4       0
KI270515.1  1         6361       9         568       8.92941   0.0949536   29.4       35.2
GL000219.1  1         179198     231       15090     8.42085   0.094856    29.4       41
GL000226.1  1         15008      18        1150      7.66258   0.0870203   29.3       0
KI270383.1  1         1750       2         152       8.68571   0.0868571   31.1       0
KI270386.1  1         1788       2         152       8.50112   0.0850112   29.6       11
GL000224.1  1         179693     209       12836     7.14329   0.0840767   28.6       13.8
KI270442.1  1         392061     488       26867     6.85276   0.0832804   29.4       35.3
KI270511.1  1         8127       9         497       6.11542   0.0826873   30.7       38.7
GL000214.1  1         137718     156       9317      6.76527   0.0809771   28.4       5.25
KI270396.1  1         1880       2         152       8.08511   0.0808511   30.3       3
KI270529.1  1         1899       2         148       7.79358   0.0800421   30.4       0
KI270732.1  1         41543      45        3013      7.25273   0.0796765   29.8       30.3
KI270736.1  1         181920     268       11888     6.53474   0.0780618   29.1       23.3
KI270538.1  1         91309      94        5191      5.68509   0.0773527   29.3       33.3
KI270519.1  1         138126     146       9680      7.00809   0.0768574   30         41.2
KI270304.1  1         2165       2         150       6.92841   0.0692841   30.5       16
KI270315.1  1         2276       2         152       6.67838   0.0667838   31.6       0
KI270751.1  1         150742     138       9340      6.19602   0.0667631   29.3       20.8
KI270530.1  1         2168       2         143       6.59594   0.0659594   29.4       0
KI270375.1  1         2378       2         147       6.18167   0.0639193   30.2       0
KI270510.1  1         2415       2         150       6.21118   0.0621118   30.6       22
GL000194.1  1         191469     164       10520     5.49436   0.0613311   29.1       19.5
KI270521.1  1         7642       6         447       5.84925   0.0596702   28.4       40
KI270366.1  1         8320       8         415       4.98798   0.0588942   30.3       8.12
KI270411.1  1         2646       2         147       5.55556   0.0574452   28.6       0
KI270746.1  1         66486      52        3729      5.6087    0.0572301   29.7       42.8
KI270374.1  1         2656       2         152       5.72289   0.0572289   31.2       0
KI270756.1  1         79590      80        4005      5.03204   0.0571931   29.6       13.6
KI270507.1  1         5353       4         296       5.52961   0.0560433   32.8       52.2
KI270742.1  1         186739     136       9126      4.88703   0.0533525   30.1       10.7
GL000205.2  1         185591     137       9272      4.99593   0.0530414   29.2       36.5
KI270757.1  1         71251      54        3413      4.79011   0.0527291   30         23.5
KI270435.1  1         92983      68        4236      4.55567   0.0518589   29.8       32
KI270528.1  1         2983       2         149       4.99497   0.0509554   29.1       27
KI270512.1  1         22689      16        867       3.82123   0.0494954   28.8       23.9
KI270720.1  1         39050      30        1650      4.22535   0.0491933   29.8       27.4
KI270722.1  1         194050     129       8246      4.24942   0.0486833   29.9       33
KI270589.1  1         44474      33        2001      4.49926   0.0478257   29         5.94
GL000009.2  1         201709     129       8568      4.2477    0.0466067   29.4       17.7
KI270710.1  1         40176      24        1738      4.32597   0.0452758   31         13
KI270741.1  1         157432     93        6475      4.11289   0.0434854   29.2       2.28
KI270730.1  1         112551     91        4126      3.66589   0.0432959   29.6       8.45
KI270581.1  1         7046       4         253       3.59069   0.0424354   30.8       0
KI270737.1  1         103838     70        3050      2.93727   0.0410447   30.4       12.2
KI270749.1  1         158759     85        5802      3.6546    0.0394245   30         29.1
KI270738.1  1         99375      57        3542      3.56428   0.0390138   29.6       37.4
GL000221.1  1         155397     82        5618      3.61526   0.0384306   29.8       2.17
KI270448.1  1         7992       4         304       3.8038    0.038038    29.1       57.8
GL000195.1  1         182896     93        5867      3.20783   0.036529    29.5       25.8
KI270382.1  1         4215       2         147       3.48754   0.0360617   32.3       0
KI270588.1  1         6158       3         214       3.47515   0.0347515   30.9       1
KI270320.1  1         4416       2         142       3.21558   0.0344203   32.1       4
GL000208.1  1         92689      44        3034      3.27331   0.0343406   29.5       32.1
KI270724.1  1         39555      19        1191      3.011     0.0333965   29.5       32.6
KI270723.1  1         38115      19        1061      2.78368   0.032848    27.2       15.4
KI270713.1  1         40745      18        1229      3.01632   0.0322494   27.7       24.1
KI270719.1  1         176845     83        5273      2.98171   0.0322147   30.3       12.7
KI270707.1  1         32032      14        853       2.66296   0.0320929   29.4       2.14
KI270745.1  1         41891      17        1201      2.86696   0.030269    29.4       2
KI270725.1  1         172810     71        4839      2.80019   0.0300909   30         13.8
KI270717.1  1         40062      16        1157      2.88802   0.0289551   30.1       0
KI270739.1  1         73985      29        1870      2.52754   0.0285328   29.1       11.2
GL000008.2  1         209709     83        5455      2.60122   0.0284919   29.1       17.7
KI270708.1  1         127682     51        3383      2.64955   0.0281872   29.1       17.1
KI270715.1  1         161471     61        4198      2.59985   0.0272061   30.1       0.213
KI270712.1  1         176043     77        3799      2.158     0.0269252   26.8       18.1
KI270748.1  1         93321      35        2405      2.57713   0.0268      29.1       0.686
KI270584.1  1         4513       2         120       2.65899   0.0265899   23.4       17
4           1         190214555  69220     4526108   2.37948   0.0261457   29.7       53.6
KI270716.1  1         153799     53        3801      2.47141   0.0255593   29.6       8.11
5           1         181538259  63564     4148582   2.28524   0.0251297   29.5       53.1
3           1         198295559  69051     4468184   2.2533    0.0249912   29.5       54.5
7           1         159345973  54945     3605017   2.26238   0.0246148   29.4       51.5
10          1         133797422  45955     2927495   2.18801   0.0243597   29.3       51.1
6           1         170805979  57971     3844242   2.25065   0.0243586   29.5       54.8
18          1         80373285   27135     1786325   2.22254   0.0243249   29.4       51.8
2           1         242193529  80760     5305221   2.19049   0.0238316   29.4       54.2
8           1         145138636  47997     3176965   2.18892   0.0237015   29.4       54.9
12          1         133275309  44242     2917670   2.18921   0.0236931   29.3       54.1
1           1         248956422  82438     4989054   2.00399   0.0236578   29.3       48.1
KI270582.1  1         6504       2         152       2.33702   0.0233702   29.2       0
X           1         156040895  50231     3344515   2.14336   0.0231442   29.5       52.7
21          1         46709983   14967     947050    2.02751   0.0227908   29.2       43.3
KI270706.1  1         175055     57        3632      2.07478   0.0226786   28.5       17.2
KI270750.1  1         148850     48        3132      2.10413   0.0225529   28.2       22.6
KI270753.1  1         62944      20        1228      1.95094   0.0225121   28.4       9.8
20          1         64444167   20505     1309314   2.0317    0.0224727   28.9       49.8
11          1         135086622  41998     2773175   2.05289   0.0222024   29.2       53.9
KI270579.1  1         31033      9         408       1.31473   0.0220411   31.3       0
KI270747.1  1         198735     63        3941      1.98304   0.0216167   29.5       3.57
13          1         114364328  33927     2258834   1.97512   0.0213717   29.6       54.6
16          1         90338345   26785     1665139   1.84323   0.0208032   28.9       47.6
17          1         83257441   24929     1562373   1.87656   0.0207879   28.7       50.5
9           1         138394717  40182     2653357   1.91724   0.0207602   29.3       50.3
19          1         58617616   17561     1078821   1.84044   0.0205321   28.4       47.8
14          1         107043718  29897     1967280   1.83783   0.0199796   29.3       53.7
KI270728.1  1         1872759    519       34099     1.82079   0.0195546   29         7.7
KI270743.1  1         210658     58        3715      1.76352   0.0195055   29.7       3.24
15          1         101991189  27344     1778751   1.74402   0.0190516   29.2       49.7
GL000218.1  1         161147     43        2581      1.60164   0.018511    29.2       13.3
KI270468.1  1         4055       2         38        0.937115  0.0184957   33.1       0
KI270734.1  1         165050     49        2217      1.34323   0.0184732   29.5       11.6
KI270754.1  1         40191      10        635       1.57996   0.0175661   26.6       12
KI270714.1  1         41717      9         677       1.62284   0.0163962   27.3       13.4
22          1         50818468   11806     749066    1.474     0.0162377   28.6       44.2
KI270302.1  1         2274       1         32        1.40721   0.0140721   28.8       0
KI270726.1  1         43739      8         496       1.134     0.0129404   27.4       34
KI270311.1  1         12399      2         152       1.22591   0.0122591   25.5       0
GL000213.1  1         164239     26        1724      1.04969   0.0117877   29         5.38
KI270718.1  1         38054      5         380       0.998581  0.00998581  31.9       0
KI270755.1  1         36723      4         296       0.806034  0.00827819  28.4       13.5
KI270731.1  1         150754     16        1059      0.702469  0.00806612  31.1       9.12
KI270721.1  1         100316     10        644       0.641971  0.00703776  25.9       0
KI270322.1  1         21476      2         138       0.642578  0.00661203  30.5       0
KI270727.1  1         448248     40        2449      0.546349  0.00629339  28.9       2.5
Y           1         57227415   2047      90164     0.157554  0.00208751  29.2       8.58
KI270303.1  1         1942       0         0         0         0           0          0
KI270305.1  1         1472       0         0         0         0           0          0
KI270312.1  1         998        0         0         0         0           0          0
KI270316.1  1         1444       0         0         0         0           0          0
KI270317.1  1         37690      0         0         0         0           0          0
KI270329.1  1         1040       0         0         0         0           0          0
KI270334.1  1         1368       0         0         0         0           0          0
KI270335.1  1         1048       0         0         0         0           0          0
KI270362.1  1         3530       0         0         0         0           0          0
KI270363.1  1         1803       0         0         0         0           0          0
KI270364.1  1         2855       0         0         0         0           0          0
KI270371.1  1         2805       0         0         0         0           0          0
KI270372.1  1         1650       0         0         0         0           0          0
KI270373.1  1         1451       0         0         0         0           0          0
KI270376.1  1         1136       0         0         0         0           0          0
KI270378.1  1         1048       0         0         0         0           0          0
KI270379.1  1         1045       0         0         0         0           0          0
KI270381.1  1         1930       0         0         0         0           0          0
KI270384.1  1         1658       0         0         0         0           0          0
KI270385.1  1         990        0         0         0         0           0          0
KI270388.1  1         1216       0         0         0         0           0          0
KI270389.1  1         1298       0         0         0         0           0          0
KI270390.1  1         2387       0         0         0         0           0          0
KI270391.1  1         1484       0         0         0         0           0          0
KI270392.1  1         971        0         0         0         0           0          0
KI270393.1  1         1308       0         0         0         0           0          0
KI270394.1  1         970        0         0         0         0           0          0
KI270395.1  1         1143       0         0         0         0           0          0
KI270412.1  1         1179       0         0         0         0           0          0
KI270414.1  1         2489       0         0         0         0           0          0
KI270418.1  1         2145       0         0         0         0           0          0
KI270419.1  1         1029       0         0         0         0           0          0
KI270420.1  1         2321       0         0         0         0           0          0
KI270422.1  1         1445       0         0         0         0           0          0
KI270424.1  1         2140       0         0         0         0           0          0
KI270425.1  1         1884       0         0         0         0           0          0
KI270429.1  1         1361       0         0         0         0           0          0
KI270516.1  1         1300       0         0         0         0           0          0
KI270522.1  1         5674       0         0         0         0           0          0
KI270539.1  1         993        0         0         0         0           0          0
KI270544.1  1         1202       0         0         0         0           0          0
KI270548.1  1         1599       0         0         0         0           0          0
KI270593.1  1         3041       0         0         0         0           0          0
KI270740.1  1         37240      0         0         0         0           0          0
KI270752.1  1         27745      0         0         0         0           0          0
